1 122356.000000 131 196 219 
1 122412.000000 130 196 219 
1 122414.000000 130 196 219 
1 122504.000000 130 196 219 
1 122513.000000 130 196 219 
1 122493.000000 132 196 219 
1 122571.000000 132 196 219 
1 122610.000000 131 196 219 
1 122665.000000 132 196 219 
1 122679.000000 132 196 219 
1 122721.000000 132 196 219 
1 122754.000000 132 196 219 
1 122715.000000 132 196 219 
1 122782.000000 132 196 219 
1 122808.000000 132 196 219 
1 122814.000000 132 196 219 
1 122851.000000 132 196 219 
1 122940.000000 132 196 219 
1 123269.000000 132 196 219 
1 123387.000000 132 196 219 
1 123369.000000 132 196 219 
1 123264.000000 132 196 219 
1 123405.000000 132 196 219 
1 123449.000000 132 196 219 
1 123502.000000 132 196 219 
1 123455.000000 132 196 219 
1 123439.000000 132 196 219 
1 123498.000000 132 196 219 
1 123579.000000 132 196 219 
1 123532.000000 132 196 219 
1 123606.000000 132 196 219 
1 123644.000000 132 196 219 
1 123629.000000 132 196 219 
1 123652.000000 132 196 219 
1 123715.000000 132 196 219 
1 123747.000000 132 196 219 
1 123777.000000 132 196 219 
1 123756.000000 132 196 219 
1 123788.000000 132 196 219 
1 123822.000000 132 196 219 
1 123833.000000 132 196 219 
1 123757.000000 132 196 219 
1 123936.000000 132 196 219 
1 123921.000000 132 196 219 
1 123990.000000 132 196 219 
1 124072.000000 132 196 219 
1 124034.000000 132 196 219 
1 124023.000000 132 196 219 
1 124024.000000 132 196 219 
1 124124.000000 132 196 219 
2 154728.000000 144 190 227 
2 154882.000000 145 190 227 
2 154884.000000 146 190 227 
2 154951.000000 146 190 227 
2 154593.000000 147 190 227 
2 154874.000000 146 190 227 
2 155041.000000 145 190 227 
2 154952.000000 146 190 227 
2 154786.000000 147 190 227 
2 154988.000000 147 190 227 
2 154897.000000 145 190 227 
2 155052.000000 145 190 227 
2 155134.000000 145 190 227 
2 154949.000000 147 191 227 
2 154879.000000 148 190 227 
2 155221.000000 145 190 227 
2 155100.000000 146 190 227 
2 155114.000000 148 190 227 
2 155044.000000 148 190 227 
2 155046.000000 146 191 227 
2 155296.000000 145 191 227 
2 155373.000000 145 190 227 
2 155307.000000 145 191 227 
2 155420.000000 145 191 227 
2 155298.000000 146 191 227 
2 155420.000000 146 190 227 
2 155429.000000 145 191 227 
2 155270.000000 148 191 227 
2 155584.000000 146 190 227 
2 155678.000000 145 190 227 
2 155585.000000 146 190 227 
2 155274.000000 147 191 227 
2 155618.000000 146 190 227 
2 155417.000000 146 191 227 
2 155302.000000 148 191 227 
2 155634.000000 146 191 227 
2 155692.000000 146 190 227 
2 155667.000000 146 190 227 
2 155768.000000 146 190 227 
2 155726.000000 146 190 227 
2 155544.000000 148 191 227 
2 155541.000000 147 191 227 
2 155602.000000 146 191 227 
2 155616.000000 146 191 227 
2 155673.000000 146 191 227 
2 155626.000000 146 191 227 
2 155607.000000 146 191 227 
2 155640.000000 146 191 227 
2 155771.000000 146 191 227 
2 155786.000000 146 191 227 
1 139588.000000 135 186 232 
1 139545.000000 135 186 232 
1 139639.000000 135 186 232 
1 139586.000000 135 186 232 
1 139626.000000 135 186 232 
1 139562.000000 135 186 232 
1 139608.000000 135 186 232 
1 139543.000000 135 186 232 
1 139663.000000 135 186 232 
1 139698.000000 135 186 232 
1 139674.000000 135 186 232 
1 139757.000000 135 186 232 
1 139771.000000 135 186 232 
1 139821.000000 135 186 232 
1 139783.000000 135 187 232 
1 139798.000000 135 187 232 
1 139777.000000 135 187 232 
1 139869.000000 135 186 232 
1 139807.000000 135 187 232 
1 139808.000000 135 187 232 
1 139833.000000 135 187 232 
1 139860.000000 135 187 232 
1 139830.000000 135 187 232 
1 139886.000000 135 187 232 
1 139911.000000 135 187 232 
1 139825.000000 135 187 232 
1 139790.000000 136 187 232 
1 139877.000000 135 187 232 
1 139869.000000 135 187 232 
1 139861.000000 135 187 232 
1 139867.000000 135 187 232 
1 139877.000000 135 187 232 
1 139904.000000 135 187 232 
1 139868.000000 136 187 232 
1 139898.000000 136 187 232 
1 139874.000000 136 187 232 
1 139889.000000 136 187 232 
1 139832.000000 136 187 232 
1 139875.000000 136 187 232 
1 139953.000000 136 187 232 
1 139893.000000 136 187 232 
1 139936.000000 136 187 232 
1 139950.000000 136 187 232 
1 139919.000000 136 187 232 
1 139970.000000 136 187 232 
1 139950.000000 136 187 232 
1 139943.000000 136 187 232 
1 139950.000000 136 187 232 
1 139960.000000 136 187 232 
1 140035.000000 136 187 232 
2 113143.000000 151 212 233 
2 113171.000000 149 212 234 
2 113205.000000 148 212 234 
2 113183.000000 148 212 234 
2 113170.000000 148 212 234 
2 113187.000000 148 212 234 
2 113179.000000 148 212 234 
2 113154.000000 151 212 233 
2 113171.000000 149 212 233 
2 113165.000000 149 212 233 
2 113171.000000 149 212 233 
2 113173.000000 149 212 233 
2 113222.000000 147 212 234 
2 113212.000000 147 212 234 
2 113145.000000 150 212 233 
2 113170.000000 148 212 234 
2 113221.000000 147 212 234 
2 113208.000000 146 212 234 
2 113149.000000 149 212 233 
2 113166.000000 149 212 233 
2 113179.000000 148 212 233 
2 113172.000000 148 212 233 
2 113205.000000 146 212 234 
2 113167.000000 148 212 234 
2 113186.000000 148 212 234 
2 113200.000000 148 212 234 
2 113225.000000 148 212 234 
2 113193.000000 150 212 233 
2 113218.000000 148 212 234 
2 113263.000000 147 212 234 
2 113166.000000 149 212 234 
2 113136.000000 150 212 233 
2 113161.000000 149 212 234 
2 113176.000000 147 212 234 
2 113149.000000 150 212 233 
2 113175.000000 148 212 234 
2 113164.000000 148 212 233 
2 113165.000000 148 212 234 
2 113175.000000 148 212 233 
2 113153.000000 150 212 233 
2 113156.000000 149 212 234 
2 113173.000000 147 212 234 
2 113142.000000 151 212 233 
2 113169.000000 149 211 234 
2 113169.000000 149 212 233 
2 113144.000000 150 211 233 
2 113148.000000 148 212 233 
2 113172.000000 146 212 234 
2 113156.000000 147 212 233 
2 113131.000000 148 212 233 
